 0  0    0    0     1.27314
 0  0    0    1     1.2917
 0  0    0    2     1.29161
 0  0    0    3     1.25086
 0  0    0    4     1.54578
 0  0    0    5     1.3601
 0  0    0    6     1.56129
 0  0    0    7     1.43279
 0  0    0    8     1.68917
 0  0    0    9     1.4434
 0  0    0    10     1.32455
 0  0    0    11     1.48166
 0  0    0    12     1.16076
 0  0    0    13     1.4959
 0  0    0    14     1.31961
 0  0    0    15     1.38525
 0  0    0    16     1.31758
 0  0    0    17     1.51895
 0  0    0    18     1.51177
 0  0    0    19     1.44803
 0  0    0    20     1.58606
 0  0    0    21     2.19056
 0  0    0    22     1.90847
 0  0    0    23     1.5226
 0  0    0    24     1.55793
 0  0    0    25     1.82526
 0  0    0    26     2.03635
 0  0    0    27     1.39194
 0  0    0    28     2.13076
 0  0    0    29     1.51032
 0  0    0    30     1.4929
 0  0    0    31     1.45513
 0  0    1    0     1.59582
 0  0    1    1     1.59111
 0  0    1    2     1.43469
 0  0    1    3     0.893902
 0  0    1    4     1.38259
 0  0    1    5     1.59801
 0  0    1    6     1.24437
 0  0    1    7     1.10878
 0  0    1    8     1.40431
 0  0    1    9     1.28532
 0  0    1    10     1.14831
 0  0    1    11     1.13779
 0  0    1    12     1.40359
 0  0    1    13     1.64137
 0  0    1    14     1.78047
 0  0    1    15     1.33002
 0  0    1    16     1.75915
 0  0    1    17     1.7995
 0  0    1    18     1.68105
 0  0    1    19     1.40663
 0  0    1    20     1.37294
 0  0    1    21     1.17455
 0  0    1    22     1.14333
 0  0    1    23     1.28537
 0  0    1    24     1.22835
 0  0    1    25     1.15482
 0  0    1    26     1.12133
 0  0    1    27     1.25282
 0  0    1    28     1.35921
 0  0    1    29     1.08224
 0  0    1    30     1.0644
 0  0    1    31     1.54285
 0  0    2    0     0.941338
 0  0    2    1     1.06529
 0  0    2    2     1.27794
 0  0    2    3     1.71891
 0  0    2    4     1.06702
 0  0    2    5     1.07711
 0  0    2    6     1.13017
 0  0    2    7     1.05023
 0  0    2    8     1.19256
 0  0    2    9     1.3004
 0  0    2    10     1.08631
 0  0    2    11     1.42295
 0  0    2    12     1.4116
 0  0    2    13     1.32563
 0  0    2    14     1.31594
 0  0    2    15     1.37335
 0  0    2    16     1.34655
 0  0    2    17     1.25808
 0  0    2    18     1.38617
 0  0    2    19     1.20089
 0  0    2    20     1.14507
 0  0    2    21     1.52492
 0  0    2    22     1.44269
 0  0    2    23     1.39526
 0  0    2    24     1.20818
 0  0    2    25     1.37452
 0  0    2    26     1.26781
 0  0    2    27     1.3322
 0  0    2    28     1.36456
 0  0    2    29     1.70547
 0  0    2    30     1.5884
 0  0    2    31     1.09781
 0  0    3    0     1.90779
 0  0    3    1     1.15996
 0  0    3    2     1.15276
 0  0    3    3     1.04688
 0  0    3    4     1.21145
 0  0    3    5     1.08116
 0  0    3    6     1.12622
 0  0    3    7     1.21327
 0  0    3    8     1.25287
 0  0    3    9     1.0984
 0  0    3    10     1.11408
 0  0    3    11     1.14221
 0  0    3    12     1.17661
 0  0    3    13     1.45705
 0  0    3    14     1.25058
 0  0    3    15     1.70534
 0  0    3    16     1.36348
 0  0    3    17     1.30215
 0  0    3    18     1.58995
 0  0    3    19     1.64016
 0  0    3    20     1.31537
 0  0    3    21     1.22574
 0  0    3    22     1.27811
 0  0    3    23     1.36991
 0  0    3    24     1.52067
 0  0    3    25     1.25911
 0  0    3    26     1.18271
 0  0    3    27     1.70395
 0  0    3    28     1.06474
 0  0    3    29     1.69607
 0  0    3    30     1.47874
 0  0    3    31     1.09222
 0  0    4    0     1.18762
 0  0    4    1     1.47799
 0  0    4    2     1.48945
 0  0    4    3     1.01375
 0  0    4    4     1.40777
 0  0    4    5     1.33935
 0  0    4    6     1.32686
 0  0    4    7     1.51181
 0  0    4    8     1.18642
 0  0    4    9     1.25029
 0  0    4    10     1.55401
 0  0    4    11     1.37831
 0  0    4    12     1.66679
 0  0    4    13     1.29054
 0  0    4    14     1.38728
 0  0    4    15     1.36454
 0  0    4    16     1.53347
 0  0    4    17     1.31714
 0  0    4    18     1.36206
 0  0    4    19     1.13796
 0  0    4    20     1.43079
 0  0    4    21     1.52128
 0  0    4    22     1.3523
 0  0    4    23     1.3882
 0  0    4    24     1.48375
 0  0    4    25     1.37828
 0  0    4    26     1.60683
 0  0    4    27     1.27088
 0  0    4    28     1.07714
 0  0    4    29     1.25261
 0  0    4    30     1.23139
 0  0    4    31     1.49756
 0  0    5    0     1.94071
 0  0    5    1     1.51938
 0  0    5    2     1.52239
 0  0    5    3     1.24209
 0  0    5    4     1.64663
 0  0    5    5     1.26571
 0  0    5    6     1.5026
 0  0    5    7     1.53922
 0  0    5    8     1.70496
 0  0    5    9     1.52995
 0  0    5    10     1.48077
 0  0    5    11     1.49864
 0  0    5    12     2.00291
 0  0    5    13     1.53648
 0  0    5    14     1.57569
 0  0    5    15     1.92215
 0  0    5    16     2.30224
 0  0    5    17     2.64266
 0  0    5    18     1.59878
 0  0    5    19     1.94881
 0  0    5    20     6.04165
 0  0    5    21     3.38013
 0  0    5    22     2.18125
 0  0    5    23     1.53743
 0  0    5    24     3.59457
 0  0    5    25     3.84953
 0  0    5    26     1.77356
 0  0    5    27     1.49603
 0  0    5    28     3.43415
 0  0    5    29     3.78833
 0  0    5    30     2.76018
 0  0    5    31     1.57336
 0  0    6    0     1.41339
 0  0    6    1     1.18709
 0  0    6    2     1.01627
 0  0    6    3     1.49446
 0  0    6    4     1.63233
 0  0    6    5     1.58121
 0  0    6    6     1.71493
 0  0    6    7     1.29355
 0  0    6    8     1.59925
 0  0    6    9     1.60696
 0  0    6    10     1.67431
 0  0    6    11     1.11568
 0  0    6    12     2.13028
 0  0    6    13     1.42578
 0  0    6    14     1.54582
 0  0    6    15     1.14649
 0  0    6    16     2.36192
 0  0    6    17     1.51189
 0  0    6    18     1.438
 0  0    6    19     1.06778
 0  0    6    20     1.47708
 0  0    6    21     1.69864
 0  0    6    22     1.31691
 0  0    6    23     1.15711
 0  0    6    24     1.55297
 0  0    6    25     1.33316
 0  0    6    26     1.28382
 0  0    6    27     1.23967
 0  0    6    28     1.96448
 0  0    6    29     2.21095
 0  0    6    30     1.4702
 0  0    6    31     1.80388
 0  0    7    0     1.3759
 0  0    7    1     1.54602
 0  0    7    2     1.42433
 0  0    7    3     1.08222
 0  0    7    4     1.24833
 0  0    7    5     1.34629
 0  0    7    6     1.26517
 0  0    7    7     1.40901
 0  0    7    8     1.18766
 0  0    7    9     1.21822
 0  0    7    10     1.25928
 0  0    7    11     1.30017
 0  0    7    12     1.16484
 0  0    7    13     1.40822
 0  0    7    14     1.08026
 0  0    7    15     1.20092
 0  0    7    16     1.03924
 0  0    7    17     1.10363
 0  0    7    18     1.12024
 0  0    7    19     1.10705
 0  0    7    20     1.15821
 0  0    7    21     1.25638
 0  0    7    22     1.22615
 0  0    7    23     1.25012
 0  0    7    24     1.2247
 0  0    7    25     1.20697
 0  0    7    26     1.05032
 0  0    7    27     1.25326
 0  0    7    28     1.55036
 0  0    7    29     1.39818
 0  0    7    30     1.18055
 0  0    7    31     1.22179
 0  0    8    0     1.09936
 0  0    8    1     1.62731
 0  0    8    2     1.41797
 0  0    8    3     1.04488
 0  0    8    4     1.64246
 0  0    8    5     1.4213
 0  0    8    6     1.54779
 0  0    8    7     1.3483
 0  0    8    8     1.2994
 0  0    8    9     1.25581
 0  0    8    10     1.29335
 0  0    8    11     1.32792
 0  0    8    12     1.09311
 0  0    8    13     1.36783
 0  0    8    14     1.29669
 0  0    8    15     1.92215
 0  0    8    16     1.07427
 0  0    8    17     1.54559
 0  0    8    18     1.34841
 0  0    8    19     1.36097
 0  0    8    20     1.45103
 0  0    8    21     1.34812
 0  0    8    22     1.37019
 0  0    8    23     1.32935
 0  0    8    24     1.35075
 0  0    8    25     1.29618
 0  0    8    26     1.4788
 0  0    8    27     1.27744
 0  0    8    28     1.19727
 0  0    8    29     1.01082
 0  0    8    30     1.22797
 0  0    8    31     1.69041
 0  0    9    0     0.989988
 0  0    9    1     1.15792
 0  0    9    2     1.10277
 0  0    9    3     1.55944
 0  0    9    4     1.30979
 0  0    9    5     1.43697
 0  0    9    6     1.3418
 0  0    9    7     1.40179
 0  0    9    8     1.25775
 0  0    9    9     1.40803
 0  0    9    10     1.3327
 0  0    9    11     1.26172
 0  0    9    12     1.31294
 0  0    9    13     1.77885
 0  0    9    14     1.41029
 0  0    9    15     1.13729
 0  0    9    16     1.50637
 0  0    9    17     1.55097
 0  0    9    18     1.30531
 0  0    9    19     1.10118
 0  0    9    20     1.25911
 0  0    9    21     1.36534
 0  0    9    22     1.18092
 0  0    9    23     1.26679
 0  0    9    24     1.18394
 0  0    9    25     1.26286
 0  0    9    26     1.186
 0  0    9    27     1.1813
 0  0    9    28     1.08964
 0  0    9    29     1.22868
 0  0    9    30     1.3001
 0  0    9    31     1.15358
 0  0    10    0     2.60086
 0  0    10    1     3.72356
 0  0    10    2     2.4413
 0  0    10    3     1.245
 0  0    10    4     2.60862
 0  0    10    5     2.61012
 0  0    10    6     2.17254
 0  0    10    7     1.24672
 0  0    10    8     2.44523
 0  0    10    9     2.16656
 0  0    10    10     1.92165
 0  0    10    11     1.9487
 0  0    10    12     1.3796
 0  0    10    13     1.66215
 0  0    10    14     1.59204
 0  0    10    15     1.59432
 0  0    10    16     1.47989
 0  0    10    17     1.73694
 0  0    10    18     1.63562
 0  0    10    19     1.66755
 0  0    10    20     1.22579
 0  0    10    21     1.47051
 0  0    10    22     1.60222
 0  0    10    23     1.52628
 0  0    10    24     1.6273
 0  0    10    25     1.56776
 0  0    10    26     1.43217
 0  0    10    27     1.4958
 0  0    10    28     1.40699
 0  0    10    29     1.54075
 0  0    10    30     1.3543
 0  0    10    31     1.48925
 0  0    11    0     1.98951
 0  0    11    1     2.20773
 0  0    11    2     1.50592
 0  0    11    3     1.66142
 0  0    11    4     1.80439
 0  0    11    5     2.13155
 0  0    11    6     1.45944
 0  0    11    7     0.946895
 0  0    11    8     1.77481
 0  0    11    9     1.8808
 0  0    11    10     1.37443
 0  0    11    11     1.24318
 0  0    11    12     1.90201
 0  0    11    13     1.35167
 0  0    11    14     1.29154
 0  0    11    15     0.938472
 0  0    11    16     1.9335
 0  0    11    17     1.41436
 0  0    11    18     1.23656
 0  0    11    19     0.929871
 0  0    11    20     0.982611
 0  0    11    21     1.16107
 0  0    11    22     1.20848
 0  0    11    23     1.60213
 0  0    11    24     1.65499
 0  0    11    25     1.25205
 0  0    11    26     1.22171
 0  0    11    27     1.49038
 0  0    11    28     1.44401
 0  0    11    29     1.40805
 0  0    11    30     1.35296
 0  0    11    31     1.39318
 0  0    12    0     1.61909
 0  0    12    1     1.2361
 0  0    12    2     1.10993
 0  0    12    3     1.28563
 0  0    12    4     1.05865
 0  0    12    5     1.44327
 0  0    12    6     1.44911
 0  0    12    7     1.76896
 0  0    12    8     1.1839
 0  0    12    9     1.60581
 0  0    12    10     1.5019
 0  0    12    11     1.71221
 0  0    12    12     0.968489
 0  0    12    13     1.51579
 0  0    12    14     1.77972
 0  0    12    15     2.21246
 0  0    12    16     0.970225
 0  0    12    17     2.00843
 0  0    12    18     1.8509
 0  0    12    19     1.93272
 0  0    12    20     1.76862
 0  0    12    21     1.40181
 0  0    12    22     2.03251
 0  0    12    23     1.29366
 0  0    12    24     1.48741
 0  0    12    25     1.46316
 0  0    12    26     1.49082
 0  0    12    27     1.19616
 0  0    12    28     1.13298
 0  0    12    29     1.43606
 0  0    12    30     1.36266
 0  0    12    31     1.06594
 0  0    13    0     1.17344
 0  0    13    1     1.00511
 0  0    13    2     1.29211
 0  0    13    3     1.8388
 0  0    13    4     1.69798
 0  0    13    5     1.28098
 0  0    13    6     1.39981
 0  0    13    7     1.33439
 0  0    13    8     1.45335
 0  0    13    9     1.33589
 0  0    13    10     1.30504
 0  0    13    11     1.27749
 0  0    13    12     1.68553
 0  0    13    13     1.31694
 0  0    13    14     1.36737
 0  0    13    15     1.2637
 0  0    13    16     1.23985
 0  0    13    17     1.21801
 0  0    13    18     1.22182
 0  0    13    19     1.38332
 0  0    13    20     1.01615
 0  0    13    21     1.40022
 0  0    13    22     1.43918
 0  0    13    23     1.3266
 0  0    13    24     0.992824
 0  0    13    25     1.36235
 0  0    13    26     1.12256
 0  0    13    27     1.18419
 0  0    13    28     0.987697
 0  0    13    29     1.63205
 0  0    13    30     1.12599
 0  0    13    31     1.55578
 0  0    14    0     1.13996
 0  0    14    1     1.29446
 0  0    14    2     1.38633
 0  0    14    3     1.27867
 0  0    14    4     1.30596
 0  0    14    5     1.29626
 0  0    14    6     1.17732
 0  0    14    7     1.33349
 0  0    14    8     1.27345
 0  0    14    9     1.20382
 0  0    14    10     1.33523
 0  0    14    11     1.16819
 0  0    14    12     1.27992
 0  0    14    13     1.35935
 0  0    14    14     1.27416
 0  0    14    15     0.93408
 0  0    14    16     1.21192
 0  0    14    17     1.34751
 0  0    14    18     1.42288
 0  0    14    19     1.11633
 0  0    14    20     1.20313
 0  0    14    21     1.86296
 0  0    14    22     1.66157
 0  0    14    23     1.16797
 0  0    14    24     1.40662
 0  0    14    25     1.92653
 0  0    14    26     1.3844
 0  0    14    27     1.28707
 0  0    14    28     1.29097
 0  0    14    29     1.4151
 0  0    14    30     1.42795
 0  0    14    31     1.88242
 0  0    15    0     1.35321
 0  0    15    1     1.41495
 0  0    15    2     1.5418
 0  0    15    3     1.39036
 0  0    15    4     1.03159
 0  0    15    5     1.56582
 0  0    15    6     1.59875
 0  0    15    7     1.53675
 0  0    15    8     1.16704
 0  0    15    9     1.79628
 0  0    15    10     1.45485
 0  0    15    11     1.40379
 0  0    15    12     1.04778
 0  0    15    13     1.40984
 0  0    15    14     1.29412
 0  0    15    15     1.67907
 0  0    15    16     0.978407
 0  0    15    17     1.39491
 0  0    15    18     1.18846
 0  0    15    19     1.77447
 0  0    15    20     0.866909
 0  0    15    21     1.13277
 0  0    15    22     1.05949
 0  0    15    23     1.26919
 0  0    15    24     0.921492
 0  0    15    25     1.15987
 0  0    15    26     1.07119
 0  0    15    27     0.949683
 0  0    15    28     1.22956
 0  0    15    29     1.01754
 0  0    15    30     0.919809
 0  0    15    31     0.993799
 0  0    16    0     1.44009
 0  0    16    1     1.42906
 0  0    16    2     1.38742
 0  0    16    3     1.23353
 0  0    16    4     1.41961
 0  0    16    5     1.21354
 0  0    16    6     1.13986
 0  0    16    7     1.37428
 0  0    16    8     1.38543
 0  0    16    9     1.12475
 0  0    16    10     1.15123
 0  0    16    11     1.50558
 0  0    16    12     1.68662
 0  0    16    13     1.53352
 0  0    16    14     1.50618
 0  0    16    15     1.71491
 0  0    16    16     1.59001
 0  0    16    17     1.4718
 0  0    16    18     1.42199
 0  0    16    19     1.29642
 0  0    16    20     1.00118
 0  0    16    21     1.20775
 0  0    16    22     1.09952
 0  0    16    23     1.39934
 0  0    16    24     0.923588
 0  0    16    25     1.11943
 0  0    16    26     0.937029
 0  0    16    27     1.32191
 0  0    16    28     1.08612
 0  0    16    29     0.858903
 0  0    16    30     1.06767
 0  0    16    31     0.852297
 0  0    17    0     1.186
 0  0    17    1     1.27799
 0  0    17    2     1.38801
 0  0    17    3     1.09961
 0  0    17    4     1.76542
 0  0    17    5     1.65966
 0  0    17    6     1.56453
 0  0    17    7     1.36956
 0  0    17    8     1.60138
 0  0    17    9     1.6235
 0  0    17    10     1.58595
 0  0    17    11     1.63655
 0  0    17    12     1.6724
 0  0    17    13     1.35771
 0  0    17    14     1.43344
 0  0    17    15     1.15751
 0  0    17    16     1.34324
 0  0    17    17     1.30461
 0  0    17    18     1.22659
 0  0    17    19     1.01831
 0  0    17    20     1.15962
 0  0    17    21     1.12703
 0  0    17    22     1.05397
 0  0    17    23     1.19871
 0  0    17    24     1.13578
 0  0    17    25     1.31671
 0  0    17    26     1.05427
 0  0    17    27     1.25954
 0  0    17    28     0.813146
 0  0    17    29     1.10905
 0  0    17    30     1.05236
 0  0    17    31     0.952441
 0  0    18    0     1.08919
 0  0    18    1     1.2046
 0  0    18    2     1.43909
 0  0    18    3     1.42031
 0  0    18    4     1.22847
 0  0    18    5     1.29778
 0  0    18    6     1.14337
 0  0    18    7     1.29744
 0  0    18    8     1.28722
 0  0    18    9     1.25738
 0  0    18    10     1.19682
 0  0    18    11     1.15665
 0  0    18    12     1.14385
 0  0    18    13     1.44761
 0  0    18    14     1.44632
 0  0    18    15     1.37769
 0  0    18    16     1.01521
 0  0    18    17     1.33863
 0  0    18    18     1.34418
 0  0    18    19     1.14932
 0  0    18    20     1.05769
 0  0    18    21     1.06146
 0  0    18    22     1.3152
 0  0    18    23     1.13901
 0  0    18    24     1.0501
 0  0    18    25     0.933368
 0  0    18    26     1.00846
 0  0    18    27     1.09401
 0  0    18    28     0.996255
 0  0    18    29     1.1909
 0  0    18    30     1.15142
 0  0    18    31     0.979766
 0  0    19    0     1.12809
 0  0    19    1     1.17761
 0  0    19    2     1.56609
 0  0    19    3     1.56757
 0  0    19    4     1.14705
 0  0    19    5     1.20381
 0  0    19    6     1.1633
 0  0    19    7     0.997655
 0  0    19    8     1.1065
 0  0    19    9     1.14231
 0  0    19    10     1.10039
 0  0    19    11     1.2044
 0  0    19    12     1.1455
 0  0    19    13     1.65423
 0  0    19    14     1.29991
 0  0    19    15     1.86218
 0  0    19    16     1.085
 0  0    19    17     1.62394
 0  0    19    18     1.27162
 0  0    19    19     1.95585
 0  0    19    20     1.01691
 0  0    19    21     1.32061
 0  0    19    22     1.10463
 0  0    19    23     1.04518
 0  0    19    24     1.05024
 0  0    19    25     1.18098
 0  0    19    26     1.21565
 0  0    19    27     0.959284
 0  0    19    28     1.02783
 0  0    19    29     1.55439
 0  0    19    30     1.70008
 0  0    19    31     1.05074
 0  0    20    0     1.60256
 0  0    20    1     1.33133
 0  0    20    2     1.27677
 0  0    20    3     1.47485
 0  0    20    4     1.47354
 0  0    20    5     1.39349
 0  0    20    6     1.95668
 0  0    20    7     2.33757
 0  0    20    8     1.43988
 0  0    20    9     1.0951
 0  0    20    10     1.7137
 0  0    20    11     1.66993
 0  0    20    12     1.81887
 0  0    20    13     1.8329
 0  0    20    14     1.66578
 0  0    20    15     1.48241
 0  0    20    16     1.52088
 0  0    20    17     1.52661
 0  0    20    18     1.77065
 0  0    20    19     1.83414
 0  0    20    20     1.54101
 0  0    20    21     1.12228
 0  0    21    0     0.416809
 0  0    21    1     1.68395
 0  0    21    2     1.09153
 0  0    21    3     1.11288
 0  0    21    4     1.3131
 0  0    21    5     1.35485
 0  0    21    6     1.03421
 0  0    21    7     1.08059
 0  0    21    8     1.12
 0  0    21    9     1.18271
 0  0    21    10     1.3932
 0  0    21    11     1.36894
 0  0    21    12     1.32109
 0  0    21    13     1.33553
 0  0    21    14     1.26936
 0  0    21    15     0.732099
 0  0    21    16     1.39131
 0  0    21    17     1.37848
 0  0    21    18     1.2
 0  0    21    19     1.2
 0  0    21    20     0.612307
 0  0    21    21     1.2
 0  0    22    0     1.43429
 0  0    22    1     1.70626
 0  0    22    2     1.85836
 0  0    22    3     1.21269
 0  0    22    4     1.37657
 0  0    22    5     1.72613
 0  0    22    6     1.75446
 0  0    22    7     2.65029
 0  0    22    8     2.23835
 0  0    22    9     2.40936
 0  0    22    10     2.3942
 0  0    22    11     2.6286
 0  0    22    12     1.88599
 0  0    22    13     0.871066
 0  0    22    14     3.49452
 0  0    22    15     2.31352
 0  0    22    16     2.20794
 0  0    22    17     2.07654
 0  0    22    18     1.58538
 0  0    22    19     1.7404
 0  0    22    20     2.00082
 0  0    22    21     1.47346
 0  0    22    22     1.80062
 0  0    22    23     1.63269
 0  0    22    24     1.76045
 0  0    22    25     1.33256
 0  0    22    26     1.43195
 0  0    22    27     1.12485
 0  0    22    28     1.38468
 0  0    22    29     1.01183
 0  0    22    30     0.945487
 0  0    22    31     1.32582
 0  0    23    0     2.22262
 0  0    23    1     1.64492
 0  0    23    2     1.81815
 0  0    23    3     1.51061
 0  0    23    4     1.69004
 0  0    23    5     1.61231
 0  0    23    6     1.73479
 0  0    23    7     2.06723
 0  0    23    8     1.92349
 0  0    23    9     1.53337
 0  0    23    10     1.54529
 0  0    23    11     1.53213
 0  0    23    12     1.51707
 0  0    23    13     1.9022
 0  0    23    14     1.85531
 0  0    23    15     1.90403
 0  0    23    16     1.78225
 0  0    23    17     1.43147
 0  0    23    18     1.49483
 0  0    23    19     1.3141
 0  0    23    20     1.38236
 0  0    23    21     1.68832
 0  0    23    22     1.64852
 0  0    23    23     1.32876
 0  0    23    24     1.67174
 0  0    23    25     1.47529
 0  0    23    26     1.30942
 0  0    23    27     1.2
 0  0    23    28     1.2
 0  0    23    29     1.63342
 0  0    23    30     1.36
 0  0    23    31     1.06602
 0  1    0    0     1.37303
 0  1    0    1     1.40218
 0  1    0    2     1.32998
 0  1    0    3     1.39715
 0  1    0    4     1.37826
 0  1    0    5     1.53591
 0  1    0    6     1.48123
 0  1    0    7     1.25504
 0  1    0    8     1.5009
 0  1    0    9     1.54795
 0  1    0    10     1.74842
 0  1    0    11     1.39145
 0  1    0    12     1.60141
 0  1    0    13     1.54658
 0  1    0    14     1.26171
 0  1    0    15     1.29422
 0  1    0    16     1.49979
 0  1    0    17     1.60867
 0  1    0    18     1.59566
 0  1    0    19     1.56276
 0  1    0    20     2.15859
 0  1    0    21     1.48521
 0  1    0    22     1.65693
 0  1    0    23     1.51358
 0  1    0    24     2.37883
 0  1    0    25     1.45436
 0  1    0    26     1.72973
 0  1    0    27     1.58123
 0  1    0    28     1.51943
 0  1    0    29     1.48066
 0  1    0    30     1.42432
 0  1    0    31     1.45958
 0  1    1    0     1.31466
 0  1    1    1     1.5426
 0  1    1    2     1.50142
 0  1    1    3     1.32683
 0  1    1    4     1.18955
 0  1    1    5     1.23243
 0  1    1    6     1.17429
 0  1    1    7     1.69741
 0  1    1    8     1.15917
 0  1    1    9     1.09818
 0  1    1    10     1.10712
 0  1    1    11     1.37716
 0  1    1    12     1.5017
 0  1    1    13     1.15383
 0  1    1    14     1.12373
 0  1    1    15     1.18448
 0  1    1    16     1.54364
 0  1    1    17     1.19075
 0  1    1    18     1.1326
 0  1    1    19     1.23152
 0  1    1    20     1.60945
 0  1    1    21     1.5281
 0  1    1    22     1.38616
 0  1    1    23     1.27012
 0  1    1    24     1.35375
 0  1    1    25     1.58387
 0  1    1    26     1.65688
 0  1    1    27     1.2699
 0  1    1    28     1.38537
 0  1    1    29     1.52377
 0  1    1    30     1.65344
 0  1    1    31     1.35482
 0  1    2    0     1.42654
 0  1    2    1     1.75296
 0  1    2    2     1.77746
 0  1    2    3     1.31863
 0  1    2    4     1.57536
 0  1    2    5     1.28401
 0  1    2    6     1.44456
 0  1    2    7     1.36494
 0  1    2    8     1.59766
 0  1    2    9     1.52593
 0  1    2    10     1.43924
 0  1    2    11     1.34461
 0  1    2    12     1.2014
 0  1    2    13     1.47914
 0  1    2    14     1.22642
 0  1    2    15     1.10025
 0  1    2    16     1.18923
 0  1    2    17     1.49054
 0  1    2    18     1.40731
 0  1    2    19     1.14978
 0  1    2    20     1.18814
 0  1    2    21     1.51281
 0  1    2    22     1.24936
 0  1    2    23     1.69158
 0  1    2    24     1.18866
 0  1    2    25     1.56081
 0  1    2    26     1.37701
 0  1    2    27     1.59467
 0  1    2    28     1.23078
 0  1    2    29     1.2339
 0  1    2    30     1.40585
 0  1    2    31     1.44721
 0  1    3    0     1.24899
 0  1    3    1     1.50748
 0  1    3    2     1.53699
 0  1    3    3     1.85713
 0  1    3    4     1.46709
 0  1    3    5     1.40371
 0  1    3    6     1.39532
 0  1    3    7     1.55322
 0  1    3    8     1.26523
 0  1    3    9     1.46978
 0  1    3    10     1.42223
 0  1    3    11     1.62526
 0  1    3    12     1.1874
 0  1    3    13     1.06267
 0  1    3    14     1.2777
 0  1    3    15     1.2015
 0  1    3    16     1.26721
 0  1    3    17     1.02232
 0  1    3    18     1.01163
 0  1    3    19     1.14658
 0  1    3    20     1.80762
 0  1    3    21     1.2473
 0  1    3    22     1.1759
 0  1    3    23     1.25837
 0  1    3    24     1.48152
 0  1    3    25     1.46724
 0  1    3    26     1.3185
 0  1    3    27     1.3896
 0  1    3    28     1.47881
 0  1    3    29     1.51431
 0  1    3    30     1.62686
 0  1    3    31     1.00002
 0  1    4    0     1.58905
 0  1    4    1     1.59041
 0  1    4    2     1.51429
 0  1    4    3     1.55036
 0  1    4    4     1.489
 0  1    4    5     1.39371
 0  1    4    6     1.38123
 0  1    4    7     1.42295
 0  1    4    8     1.46662
 0  1    4    9     1.31165
 0  1    4    10     1.3924
 0  1    4    11     1.50642
 0  1    4    12     1.2949
 0  1    4    13     1.21308
 0  1    4    14     1.21147
 0  1    4    15     1.39063
 0  1    4    16     1.13159
 0  1    4    17     1.22049
 0  1    4    18     1.39311
 0  1    4    19     1.5537
 0  1    4    20     1.33722
 0  1    4    21     1.51926
 0  1    4    22     1.57281
 0  1    4    23     1.61837
 0  1    4    24     1.40794
 0  1    4    25     1.53485
 0  1    4    26     1.48362
 0  1    4    27     1.46328
 0  1    4    28     1.26103
 0  1    4    29     1.43005
 0  1    4    30     1.25199
 0  1    4    31     1.23494
 0  1    5    0     1.49285
 0  1    5    1     1.55691
 0  1    5    2     1.53189
 0  1    5    3     1.4779
 0  1    5    4     1.36255
 0  1    5    5     1.37908
 0  1    5    6     1.56868
 0  1    5    7     1.12374
 0  1    5    8     1.58838
 0  1    5    9     1.67656
 0  1    5    10     1.38006
 0  1    5    11     1.3585
 0  1    5    12     2.51454
 0  1    5    13     1.53564
 0  1    5    14     1.41483
 0  1    5    15     1.43675
 0  1    5    16     2.25519
 0  1    5    17     1.70667
 0  1    5    18     1.5004
 0  1    5    19     1.39998
 0  1    5    20     1.78893
 0  1    5    21     1.69903
 0  1    5    22     1.66043
 0  1    5    23     1.34881
 0  1    5    24     1.80456
 0  1    5    25     2.16494
 0  1    5    26     1.65802
 0  1    5    27     1.58053
 0  1    5    28     2.25519
 0  1    5    29     1.5076
 0  1    5    30     1.55012
 0  1    5    31     1.36172
 0  1    6    0     1.43118
 0  1    6    1     1.45611
 0  1    6    2     1.553
 0  1    6    3     1.38208
 0  1    6    4     1.20145
 0  1    6    5     1.30028
 0  1    6    6     1.21963
 0  1    6    7     1.17996
 0  1    6    8     1.16772
 0  1    6    9     1.40781
 0  1    6    10     1.22701
 0  1    6    11     1.29323
 0  1    6    12     1.48513
 0  1    6    13     1.42652
 0  1    6    14     1.3716
 0  1    6    15     1.5297
 0  1    6    16     1.33062
 0  1    6    17     1.50621
 0  1    6    18     1.39097
 0  1    6    19     1.52403
 0  1    6    20     1.31141
 0  1    6    21     1.50288
 0  1    6    22     1.6601
 0  1    6    23     1.3573
 0  1    6    24     1.34228
 0  1    6    25     1.79646
 0  1    6    26     1.56068
 0  1    6    27     1.40384
 0  1    6    28     1.32182
 0  1    6    29     1.27024
 0  1    6    30     1.3767
 0  1    6    31     1.33481
 0  1    7    0     1.14598
 0  1    7    1     1.2531
 0  1    7    2     1.20853
 0  1    7    3     1.84436
 0  1    7    4     1.37798
 0  1    7    5     1.54477
 0  1    7    6     1.58604
 0  1    7    7     1.18556
 0  1    7    8     1.39888
 0  1    7    9     1.60948
 0  1    7    10     1.574
 0  1    7    11     1.18878
 0  1    7    12     1.41423
 0  1    7    13     1.65839
 0  1    7    14     1.80315
 0  1    7    15     1.63029
 0  1    7    16     1.4899
 0  1    7    17     1.55308
 0  1    7    18     1.91047
 0  1    7    19     1.37961
 0  1    7    20     1.39081
 0  1    7    21     1.42808
 0  1    7    22     1.40499
 0  1    7    23     1.28987
 0  1    7    24     1.58594
 0  1    7    25     1.4974
 0  1    7    26     1.61162
 0  1    7    27     1.33429
 0  1    7    28     1.36381
 0  1    7    29     1.76246
 0  1    7    30     1.53855
 0  1    7    31     1.34781
 0  1    8    0     1.43924
 0  1    8    1     1.58753
 0  1    8    2     1.48698
 0  1    8    3     1.0057
 0  1    8    4     1.23975
 0  1    8    5     1.02608
 0  1    8    6     1.02405
 0  1    8    7     1.39089
 0  1    8    8     1.36281
 0  1    8    9     1.29917
 0  1    8    10     1.26512
 0  1    8    11     1.52632
 0  1    8    12     1.24747
 0  1    8    13     1.63231
 0  1    8    14     1.69769
 0  1    8    15     1.29283
 0  1    8    16     1.39067
 0  1    8    17     1.7153
 0  1    8    18     1.56784
 0  1    8    19     1.66152
 0  1    8    20     1.29801
 0  1    8    21     1.59119
 0  1    8    22     1.4093
 0  1    8    23     1.80464
 0  1    8    24     1.12808
 0  1    8    25     1.76055
 0  1    8    26     1.77116
 0  1    8    27     1.72113
 0  1    8    28     1.19934
 0  1    8    29     1.38989
 0  1    8    30     1.36218
 0  1    8    31     1.58689
 0  1    9    0     1.02589
 0  1    9    1     1.32338
 0  1    9    2     1.19512
 0  1    9    3     1.16742
 0  1    9    4     1.58668
 0  1    9    5     1.43489
 0  1    9    6     1.28371
 0  1    9    7     1.24506
 0  1    9    8     1.6396
 0  1    9    9     1.3919
 0  1    9    10     1.42948
 0  1    9    11     1.5059
 0  1    9    12     1.36336
 0  1    9    13     1.7625
 0  1    9    14     1.60661
 0  1    9    15     1.37128
 0  1    9    16     1.2324
 0  1    9    17     1.76059
 0  1    9    18     1.46135
 0  1    9    19     1.24718
 0  1    9    20     1.57521
 0  1    9    21     1.155
 0  1    9    22     1.1941
 0  1    9    23     1.19374
 0  1    9    24     1.74149
 0  1    9    25     1.36519
 0  1    9    26     1.30574
 0  1    9    27     1.10194
 0  1    9    28     1.59525
 0  1    9    29     1.02408
 0  1    9    30     1.01153
 0  1    9    31     0.950581
 0  1    10    0     2.39929
 0  1    10    1     1.78868
 0  1    10    2     1.56045
 0  1    10    3     1.25301
 0  1    10    4     3.78728
 0  1    10    5     1.74454
 0  1    10    6     1.89707
 0  1    10    7     1.76644
 0  1    10    8     3.61858
 0  1    10    9     1.48387
 0  1    10    10     1.57019
 0  1    10    11     1.8965
 0  1    10    12     1.82742
 0  1    10    13     1.54687
 0  1    10    14     1.42601
 0  1    10    15     1.41621
 0  1    10    16     1.57136
 0  1    10    17     1.44789
 0  1    10    18     1.30391
 0  1    10    19     1.33334
 0  1    10    20     1.21357
 0  1    10    21     1.6599
 0  1    10    22     1.81544
 0  1    10    23     1.05664
 0  1    10    24     1.18412
 0  1    10    25     1.60077
 0  1    10    26     1.51519
 0  1    10    27     1.1561
 0  1    10    28     1.32273
 0  1    10    29     1.37854
 0  1    10    30     1.07839
 0  1    10    31     1.14398
 0  1    11    0     1.22643
 0  1    11    1     1.32247
 0  1    11    2     1.2811
 0  1    11    3     1.40809
 0  1    11    4     1.73918
 0  1    11    5     1.66837
 0  1    11    6     1.75148
 0  1    11    7     1.50766
 0  1    11    8     1.5746
 0  1    11    9     1.53804
 0  1    11    10     1.56723
 0  1    11    11     1.56595
 0  1    11    12     1.368
 0  1    11    13     1.41248
 0  1    11    14     1.32058
 0  1    11    15     1.362
 0  1    11    16     1.3602
 0  1    11    17     1.1998
 0  1    11    18     1.33784
 0  1    11    19     1.37604
 0  1    11    20     1.19002
 0  1    11    21     1.23231
 0  1    11    22     1.19924
 0  1    11    23     1.24111
 0  1    11    24     0.937299
 0  1    11    25     1.15897
 0  1    11    26     1.23084
 0  1    11    27     1.41174
 0  1    11    28     1.1064
 0  1    11    29     1.21555
 0  1    11    30     1.11617
 0  1    11    31     1.11778
 0  1    12    0     1.4079
 0  1    12    1     1.62985
 0  1    12    2     1.83142
 0  1    12    3     1.34805
 0  1    12    4     1.45134
 0  1    12    5     1.2344
 0  1    12    6     1.20623
 0  1    12    7     1.08203
 0  1    12    8     1.52406
 0  1    12    9     1.19174
 0  1    12    10     1.31598
 0  1    12    11     1.04841
 0  1    12    12     1.46191
 0  1    12    13     1.42263
 0  1    12    14     1.42847
 0  1    12    15     1.23274
 0  1    12    16     1.27736
 0  1    12    17     1.39703
 0  1    12    18     1.27942
 0  1    12    19     1.19106
 0  1    12    20     1.0672
 0  1    12    21     1.2418
 0  1    12    22     1.11275
 0  1    12    23     1.08524
 0  1    12    24     1.36217
 0  1    12    25     1.15405
 0  1    12    26     1.05201
 0  1    12    27     1.29653
 0  1    12    28     0.932181
 0  1    12    29     0.938491
 0  1    12    30     1.13535
 0  1    12    31     0.916663
 0  1    13    0     1.3312
 0  1    13    1     1.31122
 0  1    13    2     1.28889
 0  1    13    3     1.5616
 0  1    13    4     1.21118
 0  1    13    5     1.34873
 0  1    13    6     1.37364
 0  1    13    7     1.46071
 0  1    13    8     1.16238
 0  1    13    9     1.47509
 0  1    13    10     1.40468
 0  1    13    11     1.23768
 0  1    13    12     1.28767
 0  1    13    13     1.06728
 0  1    13    14     1.15766
 0  1    13    15     1.3402
 0  1    13    16     1.16329
 0  1    13    17     1.0596
 0  1    13    18     1.05325
 0  1    13    19     1.16003
 0  1    13    20     1.00091
 0  1    13    21     1.24571
 0  1    13    22     1.44057
 0  1    13    23     1.09242
 0  1    13    24     1.12365
 0  1    13    25     1.15548
 0  1    13    26     1.11211
 0  1    13    27     1.13597
 0  1    13    28     1.01479
 0  1    13    29     1.18848
 0  1    13    30     1.12347
 0  1    13    31     1.09468
 0  1    14    0     1.45234
 0  1    14    1     1.02923
 0  1    14    2     1.02283
 0  1    14    3     0.940353
 0  1    14    4     1.30079
 0  1    14    5     1.24695
 0  1    14    6     1.36437
 0  1    14    7     1.19727
 0  1    14    8     1.20193
 0  1    14    9     1.29048
 0  1    14    10     1.546
 0  1    14    11     1.23623
 0  1    14    12     1.13003
 0  1    14    13     1.00669
 0  1    14    14     1.05709
 0  1    14    15     1.10543
 0  1    14    16     0.99848
 0  1    14    17     1.05169
 0  1    14    18     1.21526
 0  1    14    19     0.94688
 0  1    14    20     1.01177
 0  1    14    21     0.976263
 0  1    14    22     0.982101
 0  1    14    23     1.25126
 0  1    14    24     1.18138
 0  1    14    25     1.04844
 0  1    14    26     1.06706
 0  1    14    27     1.40738
 0  1    14    28     1.03732
 0  1    14    29     1.09331
 0  1    14    30     1.08537
 0  1    14    31     1.27649
 0  1    15    0     1.18243
 0  1    15    1     1.22878
 0  1    15    2     1.09608
 0  1    15    3     1.05368
 0  1    15    4     1.25754
 0  1    15    5     1.50614
 0  1    15    6     1.3824
 0  1    15    7     1.17067
 0  1    15    8     1.27222
 0  1    15    9     1.49806
 0  1    15    10     1.47575
 0  1    15    11     1.25585
 0  1    15    12     1.22821
 0  1    15    13     1.54486
 0  1    15    14     1.41864
 0  1    15    15     1.15547
 0  1    15    16     1.26489
 0  1    15    17     1.60238
 0  1    15    18     1.53572
 0  1    15    19     1.36562
 0  1    15    20     1.03887
 0  1    15    21     1.26919
 0  1    15    22     1.19199
 0  1    15    23     1.04691
 0  1    15    24     1.20487
 0  1    15    25     1.27596
 0  1    15    26     1.19379
 0  1    15    27     1.15441
 0  1    15    28     1.18052
 0  1    15    29     1.24369
 0  1    15    30     1.06248
 0  1    15    31     1.06659
 0  1    16    0     0.955361
 0  1    16    1     1.22282
 0  1    16    2     1.0049
 0  1    16    3     0.97764
 0  1    16    4     1.4543
 0  1    16    5     1.13446
 0  1    16    6     1.15603
 0  1    16    7     1.16438
 0  1    16    8     1.2702
 0  1    16    9     1.20185
 0  1    16    10     1.20545
 0  1    16    11     1.15102
 0  1    16    12     1.14351
 0  1    16    13     1.07089
 0  1    16    14     1.37449
 0  1    16    15     1.12035
 0  1    16    16     1.11973
 0  1    16    17     1.29065
 0  1    16    18     1.4774
 0  1    16    19     1.17291
 0  1    16    20     1.12997
 0  1    16    21     1.12797
 0  1    16    22     1.35376
 0  1    16    23     1.37692
 0  1    16    24     1.01041
 0  1    16    25     1.10494
 0  1    16    26     1.22902
 0  1    16    27     1.09726
 0  1    16    28     1.05715
 0  1    16    29     1.19838
 0  1    16    30     1.49407
 0  1    16    31     1.34103
 0  1    17    0     0.9471
 0  1    17    1     1.10229
 0  1    17    2     1.1181
 0  1    17    3     0.964764
 0  1    17    4     1.0364
 0  1    17    5     0.994572
 0  1    17    6     1.06462
 0  1    17    7     1.65046
 0  1    17    8     1.08408
 0  1    17    9     1.03639
 0  1    17    10     1.03706
 0  1    17    11     1.53559
 0  1    17    12     1.18714
 0  1    17    13     1.19387
 0  1    17    14     1.09888
 0  1    17    15     0.967573
 0  1    17    16     1.12493
 0  1    17    17     1.18905
 0  1    17    18     1.14643
 0  1    17    19     0.944633
 0  1    17    20     1.30079
 0  1    17    21     1.3228
 0  1    17    22     1.20452
 0  1    17    23     1.20703
 0  1    17    24     1.0802
 0  1    17    25     1.28145
 0  1    17    26     1.229
 0  1    17    27     1.05855
 0  1    17    28     1.36709
 0  1    17    29     1.34575
 0  1    17    30     1.19534
 0  1    17    31     1.09805
 0  1    18    0     1.04922
 0  1    18    1     1.17781
 0  1    18    2     1.21187
 0  1    18    3     1.07833
 0  1    18    4     1.60304
 0  1    18    5     1.60826
 0  1    18    6     1.43495
 0  1    18    7     1.05406
 0  1    18    8     1.51458
 0  1    18    9     1.59024
 0  1    18    10     1.48927
 0  1    18    11     1.14226
 0  1    18    12     0.927751
 0  1    18    13     1.05619
 0  1    18    14     1.08881
 0  1    18    15     1.82092
 0  1    18    16     0.914295
 0  1    18    17     1.13306
 0  1    18    18     1.14565
 0  1    18    19     1.88982
 0  1    18    20     1.15324
 0  1    18    21     1.28554
 0  1    18    22     1.28502
 0  1    18    23     1.07523
 0  1    18    24     1.06813
 0  1    18    25     1.21882
 0  1    18    26     1.20862
 0  1    18    27     1.11237
 0  1    18    28     1.12403
 0  1    18    29     1.17266
 0  1    18    30     1.14742
 0  1    18    31     1.08355
 0  1    19    0     1.22082
 0  1    19    1     1.08807
 0  1    19    2     1.10313
 0  1    19    3     1.23194
 0  1    19    4     1.29008
 0  1    19    5     1.02535
 0  1    19    6     1.07836
 0  1    19    7     1.36198
 0  1    19    8     1.11123
 0  1    19    9     1.04074
 0  1    19    10     1.08538
 0  1    19    11     1.53959
 0  1    19    12     1.89056
 0  1    19    13     1.18106
 0  1    19    14     1.08276
 0  1    19    15     1.6659
 0  1    19    16     1.96971
 0  1    19    17     1.1056
 0  1    19    18     1.28663
 0  1    19    19     1.56062
 0  1    19    20     1.13501
 0  1    19    21     1.04657
 0  1    19    22     1.34374
 0  1    19    23     1.14473
 0  1    19    24     1.1303
 0  1    19    25     1.05619
 0  1    19    26     1.16096
 0  1    19    27     1.33022
 0  1    19    28     1.14481
 0  1    19    29     1.28527
 0  1    19    30     1.21725
 0  1    19    31     1.23783
 0  1    20    0     1.68625
 0  1    20    1     1.60736
 0  1    20    2     1.34484
 0  1    20    3     1.61049
 0  1    20    4     1.4377
 0  1    20    5     1.53496
 0  1    20    6     1.88048
 0  1    20    7     1.93221
 0  1    20    8     1.42674
 0  1    20    9     1.5557
 0  1    20    10     1.85402
 0  1    20    11     2.14089
 0  1    20    12     1.70986
 0  1    20    13     1.63525
 0  1    20    14     1.53816
 0  1    20    15     1.64719
 0  1    20    16     1.2
 0  1    20    17     1.2
 0  1    20    18     1.2
 0  1    20    19     1.2
 0  1    20    20     1.2
 0  1    20    21     1.2
 0  1    21    0     1.11612
 0  1    21    1     1.19077
 0  1    21    2     1.64111
 0  1    21    3     1.3724
 0  1    21    4     1.30304
 0  1    21    5     1.29564
 0  1    21    6     1.38387
 0  1    21    7     1.54845
 0  1    21    8     1.82295
 0  1    21    9     1.5528
 0  1    21    10     1.61007
 0  1    21    11     1.51758
 0  1    21    12     1.25245
 0  1    21    13     1.65496
 0  1    21    14     1.52836
 0  1    21    15     1.34587
 0  1    21    16     1.5864
 0  1    21    17     1.06066
 0  1    21    18     1.75244
 0  1    21    19     1.2
 0  1    21    20     1.2
 0  1    21    21     1.2
 0  1    22    0     1.58773
 0  1    22    1     1.54477
 0  1    22    2     1.86561
 0  1    22    3     1.42572
 0  1    22    4     2.03031
 0  1    22    5     2.54123
 0  1    22    6     2.92781
 0  1    22    7     1.60173
 0  1    22    8     1.95064
 0  1    22    9     1.7558
 0  1    22    10     1.92283
 0  1    22    11     2.80535
 0  1    22    12     2.30523
 0  1    22    13     1.45955
 0  1    22    14     1.49662
 0  1    22    15     2.30696
 0  1    22    16     1.08896
 0  1    22    17     4.78407
 0  1    22    18     4.35271
 0  1    22    19     1.89781
 0  1    22    20     2.17078
 0  1    22    21     0.939907
 0  1    22    22     1.26331
 0  1    22    23     1.46682
 0  1    22    24     1.54125
 0  1    22    25     1.31556
 0  1    22    26     1.4361
 0  1    22    27     1.33079
 0  1    22    28     1.39202
 0  1    22    29     1.49633
 0  1    22    30     1.24724
 0  1    22    31     1.16021
 0  1    23    0     1.2
 0  1    23    1     1.2
 0  1    23    2     1.2
 0  1    23    3     1.40802
 0  1    23    4     1.38713
 0  1    23    5     1.83141
 0  1    23    6     1.82594
 0  1    23    7     1.53197
 0  1    23    8     1.24974
 0  1    23    9     1.33517
 0  1    23    10     1.42019
 0  1    23    11     0.775976
 0  1    23    12     2.04467
 0  1    23    13     1.15403
 0  1    23    14     1.2663
 0  1    23    15     1.15528
 0  1    23    16     1.33319
 0  1    23    17     1.32751
 0  1    23    18     1.60466
 0  1    23    19     1.11793
 0  1    23    20     1.44872
 0  1    23    21     1.97216
 0  1    23    22     1.7119
 0  1    23    23     1.69279
 0  1    23    24     1.49294
 0  1    23    25     1.72013
 0  1    23    26     1.87061
 0  1    23    27     1.2
 0  1    23    28     1.70109
 0  1    23    29     0.614247
 0  1    23    30     1.2
 0  1    23    31     1.2
